22 95
11111111111111111111111111111111111111111111111111111111111111111111111111111111111111111111111
10001000010000000000011110000100000000000000000000000000000000000000000000000000000000000000001
11101001010000111111110010110100000000000000000000000000000000000000000000000000000000000000001
10100001010000000000000000110111111111110000000000000000000000000000000000000000000000000000001
10011101001001001111111111010000000000010000000000000000000000000000000000000000000000000000001
10100100011111101000000000011111111111010000000000000000000000000000000000000000000000000000001
10000111000000001000000011000000000000010000000000000000000000000000000000000000000000000000001
10000000111111111000000011011111111111110000000000000000000000000000000000000000000000000000001
10000000000000000000000001010000000000000000000000000000000000000000000000000000000000000000001
10000000000000000000000001011111111111111111111111111111111111111100000000000000000000000000001
10000000000000000000000001000000000000000000000000000000000000000100000000000000000000000000001
10000000000000000000000001111111111111111111111111111111111111110111111111111111111111111100001
10000000000000000000000000000000000000000000000000000000000000010000000000000000000000000100001
10000000000000000000000000000000000000000000000000000000000000011111111111111111111111110100001
10000000000000000000000000000000000000000000000000000000000000000000000000000000000000010100001
10000000000000000000000000000000000000000000000000000000000000000000000000000000000000010100001
10000000000000000000000000000000000000000000000000000000000000000000000000000000000000010100001
10000000000000000000000000000000000000000000000000000000000000000000000000000000000000010010001
10000000000000000000000000000000000000000000000000000000000000000000000000000000000000010100001
10000000000000000000000000000000000000000000000000000000000000000000000000000000000000010100001
10000000000000000000000000000000000000000000000000000000000000000000000000000000000000009000001
11111111111111111111111111111111111111111111111111111111111111111111111111111111111111111111111